  0.0000000000000000e+00   0.0000000000000000e+00
  1.0000000000000005e-01   4.0946521527515635e-05
  1.9999999999999979e-01   8.6109930905158621e-05
  2.4999999999999961e-01   1.0573411707091361e-04
  2.5999999999999859e+00   9.4014951418289989e-05
  5.1999999999998385e+00   2.6305912913815415e-06
  7.1999999999997248e+00   6.1064946622468322e-07
  1.2500000000000702e+01   4.7683700000000000e-07
  2.5000000000003542e+01   4.7683700000000000e-07
  3.7500000000000128e+01   4.7683700000000000e-07
