  0.0000000000000000e+00   0.0000000000000000e+00
  1.0000000000000002e-01   2.6001346590179205e-04
  2.0000000000000009e-01   4.5872264260168687e-04
  2.5000000000000011e-01   5.2156620187878452e-04
  2.6000000000000201e+00   4.8491214451318527e-04
  5.1999999999999718e+00   1.1230226122113502e-05
  7.1999999999998581e+00   3.8147000000000000e-06
  1.2499999999999558e+01   3.8147000000000000e-06
  2.5000000000001403e+01   3.8147000000000000e-06
  3.7500000000004242e+01   3.8147000000000000e-06
